0.300000 0.722281
0.275229 0.780490
0.252504 0.843805
0.231655 0.912665
0.212528 0.987624
0.194979 1.069414
0.178880 1.158008
0.164110 1.254671
0.150560 1.360237
0.138128 1.474859
0.126723 1.600589
0.116260 1.735765
0.106660 1.885067
0.097854 2.046464
0.089774 2.222016
0.082361 2.414165
0.075561 2.624207
0.069322 2.853232
0.063598 3.099096
0.058347 3.371662
0.053529 3.668186
0.049109 3.988279
0.045055 4.336795
0.041334 4.739869
0.037921 5.135737
0.034790 5.598418
0.031918 6.130324
0.029282 6.637418
0.026865 7.275371
0.024646 7.850567
0.022611 8.677541
0.020744 9.380809
0.019032 10.152313
0.017460 11.054903
0.016018 12.039193
0.014696 13.958298
0.013482 14.292413
0.012369 15.671432
0.011348 17.207709
0.010411 18.616260
